0
100 500
1
1

0
700 500
2
1

0
200 100
1
1

0
800 170
1
1

0
750 -300
3
1






5000
100 -100
1
1


6500
600 -200
3
1

7000
50 -100
1
1

8500
150 -100
1
1



8000
650 -300
3
1



10500
80 -100
1
1

12000
215 -100
1
1

12500
20 -200
3
1

13000
780 -200
2
1

14500
730 -200
1
1

17000
300 -200
3
1

18000
450 -300
3
1

20000
320 -100
1
1

20000
210 -300
3
1

20900
370 -100
1
1

24000
350 -200
2
1

25000
700 -600
4
1

27500
300 -100
1
1


39000
1000 0
1
2

39000
1100 -100
1
2

40000
1100 300
1
2

40500
1000 -200
1
2

43000
1100 -100
1
2

43000
800 -100
1
2

43000
1300 100
1
2

43500
600 -100
1
2

44500
1100 -100
1
2

