0
100 500
1
1

0
700 500
2
1

0
200 100
1
1

0
800 170
1
1

0
750 -300
3
1






5000
100 -100
1
1


6500
600 -200
3
1

7000
50 -100
1
1

8500
150 -100
1
1



8000
650 -300
3
1



10500
80 -100
1
1

12000
215 -100
1
1

12500
20 -200
3
1

13000
780 -200
2
1

14500
730 -200
1
1

17000
300 -200
3
1

18000
450 -300
3
1

20000
320 -100
1
1

20000
210 -300
3
1

20900
370 -100
1
1

24000
350 -200
2
1

25000
700 -600
4
1

27500
300 -100
1
1

35000
100 -100
5
4

35000
800 -100
5
4

38000
300 -100
5
4

38000
600 -100
5
4

40000
450 -100
5
4

49000
300 -100
5
6

49000
600 -100
5
5

55000
300 -100
5
7

55000
600 -100
5
7


57000
300 -100
5
7

57000
700 -100
5
7

62000
450 -100
5
8

66000
300 -100
5
8

66000
600 -100
5
8

70000
850 -100
5
8

70000
100 -100
5
8

81000
100 -100
5
-10

